    #TCP       RPS      kbps  [SRVCLOSE|SNDERROR|CONERROR]
       0         0         0 
      10        10     23295 
      20        10     79930 
      30        10    111917 
      40        10    173568 
      50        10    193875 
      60        10    243329 
      70        10    279433 
      80        10    334187 
      90        10    370299 
     100        10    397850 
     110        10    445175 
     120        10    487080 
     130        10    515063 
     140        10    556033 
     150        10    581941 
     160        10    597875 
     170        10    675847 
     180        10    686457 
     190        10    738598 
     200        10    768365 
     210        10    801722 
     220        10    863639 
     230        10    921414 
     240         5    928384 
     250         4    936384 
     260         9    939500 
     270         9    938778 
     280         1    938427 
     290         9    938047 
     300         9    938531 
     310         9    939393 
     320         9    938757 
     330         9    938873 
     340         4    938423 
     350         9    936737 
     360         9    940479 
     370         9    938989 
     380         4    938491 
     390         9    938601 
