#CONNECT       RPS      kbps  [SRVCLOSE|SNDERROR|CONERROR]
       0         0         0 
      50       331      4646 
     100       983     14155 
     150      1636     23683 
     200      2304     33415 
     250      2949     42825 
     300      3608     52433 
     350      4269     62071 
     400      4934     71777 
     450      5580     81202 
     500      6036     87862 
     550      6643     96688 
     600      7179    104513 
     650      7399    107739 
     700      7848    114273 
     750      9379    136603 
     800      8162    118851 
     850      9027    131584 
     900      8526    124046 
     950      8786    127965 
    1000      8143    118569 
    1050      8648    126213 
    1100      9261    134612 
    1150     10813    157505 
    1200      9578    139655 
    1250     11564    168318 
    1300     12346    180202 
    1350     13101    190574 
    1400     11216    163358 
    1450     10531    153387 
    1500     11193    163072 
    1550     12490    181959 
    1600     13305    193856 
    1650     12697    184999 
    1700     12448    181352 
    1750     13424    195590 
    1800     12525    182482 
    1850     13554    197481 
    1900     13890    202402 
    1950     14070    205001 
    2000     13723    199955 
    2050     13829    201504 
    2100     12287    179004 
    2150     13010    189563 
    2200     13867    202053 
    2250     10834    157829 
    2300     13274    193398 
    2350     12232    178221 
    2400     12067    175817 
    2450     11759    171284 
    2500     12726    185424 
    2550     13084    190637 
    2600     12006    174915 
    2650     13669    199174 
    2700     11516    167759 
    2750     13669    199167 
    2800     13260    193286 
    2850     13465    196105 
    2900     12711    185191 
    2950     10260    149440 
    3000     13189    192166 
    3050     13471    196294 
    3100     11699    170417 
    3150     11366    165577 
    3200     12840    187085 
    3250     13407    195567 
    3300     13131    191184 
    3350     13005    189482 
    3400     11923    173719 
    3450     13699    199598 
    3500     13020    189867 
    3550     13510    196672 
    3600     11978    174500 
    3650     12156    177107 
    3700     12214    177954 
    3750     13130    191311 
    3800     12854    187589 
    3850     13413    195115 
    3900     13254    193105 
    3532     12342    178950  *SRVCLOSE*
    3438     13114    190535  *SRVCLOSE*
    2910     13175    190193  *SRVCLOSE*
    2960     11294    164562 
    2499     11000    160110  *SRVCLOSE*
    2549     12164    176134 
    2599     12486    181916 
    2649     13342    194711 
    2699     11957    173890 
    2749     13649    198873 
    2799     13346    194451 
    2849     12014    176643 
    2388     10889    156261  *SRVCLOSE*
    2438     12946    188053 
    2488     10942    159187 
    2538     12201    177765 
    2588     13118    191139 
    2638     12569    183118 
    2688     13547    197887 
    2738     13808    200718 
    2788     12908    188719 
    2838     12337    179700 
    2888     11898    172763 
    2938     12845    187122 
    2988     11468    167435 
    3038     11623    168942 
    3088     13693    199942 
    3138     12404    180224 
    3188     11981    174586 
    3238     13278    193463 
    3288     13201    192452 
    3338     12803    186410 
    3388     12976    189060 
    3438     13109    191054 
    3488     12691    184854 
    3538     13074    190487 
    3588     13679    199308 
    3638     12630    184017 
    3688     11122    162038 
    3738     13321    194088 
    3788     12251    178478 
    3838     12671    184603 
    3888     13194    192238 
    3938     13068    190408 
    3358     10998    158885  *SRVCLOSE*
    3408     11557    167801 
    2614     12632    181535  *SRVCLOSE*
    2664     11914    173566 
    2714     12583    183682 
    2764     12479    181499 
    2303     12724    183795  *SRVCLOSE*
    2353     13651    198926 
    2403     13631    198591 
    2453     13562    197610 
    2503     13845    201743 
    2553     12661    184460 
